
000000000000000000000000000000000000000000000000000000000000000000000000000000000
000000000000000000000000000000000000896469800000000000000000000000000000000000000
000000000000000000000000000009111111111111111111190000000000000000000000000000000
000000000000000000000000001111111111111111111111111110000000000000000000000000000
000000000000000000000001111111111111111111111111111111110000000000000000000000000
000000000000000000000111111111111111111111111111111111111100000000000000000000000
000000000000000000011111111111111111111111111111111111111111000000000000000000000
000000000000000009111111111111111111111111111111111111111111190000000000000000000
000000000000000031111111111111111111111111111111111111111111113000000000000000000
000000000000000111111111111111111111111111111111111111111111111100000000000000000
000000000000003111111100111111111111111111111111111111111111111130000000000000000
000000000000081111111100011111133111111111111111111111111111111119000000000000000
000000000000011111111200000000004111111111111111111111111111111111000000000000000
000000000000011111333000000000001111111111111111111111111111111111800000000000000
000000000000111111332000000000011111111111111111111111111111111111100000000000000
000000000000111131311000000000031111111111111111111111111111111111100000000000000
000000000000111111111000000000002111111111111111111111111111111111100000000000000
000000000000111111113000000000000921111111111111111111111111111111100000000000000
000000000900111111110000000000000000000311111111111111111111111111100900000000000
000000000000811111130000000000000000000000111111111111111111111111800000000000000
000000000080011111110000000000000000000000081111111111400051111111008000000000000
000000000000081111115000000000000000000000000111111190000000011119000000000000000
000000000004003111111000000000000000000000000011111300011110031130040000000000000
000000000000800111111100000000000000000000000001111000011100411100800000000000000
000000000000080031111130000000000000000000000000111000011111113000000000000000000
000000000000009009111110000000000000000000000000611000011111190090000000000000000
000000000000000500011113000000000000000000000000011000031111000500000000000000000
000000000000000008000111000000000000000000000000034000011100080000000000000000000
000000000000000000900001000000000000000000000000000000010000900000000000000000000
000000000000000000009900000000000000000000000000000000000880000000000000000000000
000000000000000000000005000000000000000000000000000000050000000000000000000000000
000000000000000000000000004600000000000000000000000460000000000000000000000000000
000000000000000000000000000000045600000000000655000000000000000000000000000000000
000000000000000000000000000000000000000000000000000000000000000000000000000000000
0001   900004  180000000000000000000000000000000000000000000000000000000000000000
0000  300009 00000000000000000000000000000000000000000000000000000000000000000000
0000  3000 9000000000000000000000000000000000000000000000000000000000000000000000
0000  30 10000000008    02      5000009  000002   7  5000006  000002 004 59 30000
0000  37  10000000000  0000 4000  000007  000000 4000  000007  00000 00 0007 0000
0000  300   900000000  0000 4000 00000990  00000 4000 80000490  0000000   3000000
0000  30000   0000000  0000 40  0000007898 50000 40  0000001989 50000000005  0000
0000   000001   00000  0000 400  0000 00005 0000 400  0000 00005 000005 0000  000
00       00000    89    03    008      009    3    008      008    0000  53 90000
000000000000000000000000000000000000000000000000000000000000000000000000000000000
000000000000000000000000000000000000000000000000000000000000000000000000000000000
000000000000000000000000000000000000000000000000000000000000000000000000000000000
000000000000007     3000000000000000003 00000000000000000000000000000000000000000
0000000000000004 0003 00000800008000000900008000000090006 00000000000000000000000
0000000000000004 000  00 40 00 000 2005 00 000 303 001100 00000000000000000000000
0000000000000004 0000000 9000  0005 004 09 808000 9000000 00000000000000000000000
0000000000000005 0000000 90008 000 4005 00 7000 0  000 00 0000 000000000000000000
000000000000000000000000000000000000007700000000000000000000000000000000000000000
00000000000000                00111010 00110011                 00000000000000000
000000000000000000000000000000000000000000000000000000000000000000000000000000000

